# Виджет банковских операций клиента

## Описание:

Проект выполняет ряд функций по работе с банковскими данными клиента

## Установка:

1. Клонируйте репозиторий:

```
git@github.com:iNEDDEN/homework_10_1.git
```

2. Установите зависимости:

```
poetry install
```

## Разработанные функции:

- Функция, которая делает общую маскировку карты или счета:
  ```mask_account_card```

### Пример

Входные данные:

```
Visa Classic 6831982476737658
Счет 64686473678894779589
```

Выходные данные:

```
Visa Classic 6831 98** **** 7658
Счет **9589
```

- Функция, которая преобразовывает дату:
  ```get_data```

### Пример

Входные данные:

```
2018-07-11T02:26:18.671407
```

Выходные данные:

```
11.07.2018
```

- Функция, которая возвращает новый список словарей,
  содержащий только те словари, у которых ключ
  state соответствует указанному значению (по умолчанию: *"EXECUTE"*):
  ```filter_by_state```

### Пример

Входные данные:

```
[{'id': 41428829, 'state': 'EXECUTED', 'date': '2019-07-03T18:35:29.512364'},
{'id': 939719570, 'state': 'EXECUTED', 'date': '2018-06-30T02:08:58.425572'},
{'id': 594226727, 'state': 'CANCELED', 'date': '2018-09-12T21:27:25.241689'},
{'id': 615064591, 'state': 'CANCELED', 'date': '2018-10-14T08:21:33.419441'}]
```

Выходные данные:

```
[{'id': 41428829, 'state': 'EXECUTED', 'date': '2019-07-03T18:35:29.512364'},
{'id': 939719570, 'state': 'EXECUTED', 'date': '2018-06-30T02:08:58.425572'}]
```

- Функция, которая возвращает новый список, отсортированный по дате (по умолчанию: *"True"*):
  ```sort_by_date```

### Пример

Входные данные:

```
[{'id': 41428829, 'state': 'EXECUTED', 'date': '2019-07-03T18:35:29.512364'},
{'id': 939719570, 'state': 'EXECUTED', 'date': '2018-06-30T02:08:58.425572'},
{'id': 594226727, 'state': 'CANCELED', 'date': '2018-09-12T21:27:25.241689'},
{'id': 615064591, 'state': 'CANCELED', 'date': '2018-10-14T08:21:33.419441'}]
```

Выходные данные:

```
[{'id': 41428829, 'state': 'EXECUTED', 'date': '2019-07-03T18:35:29.512364'},
{'id': 615064591, 'state': 'CANCELED', 'date': '2018-10-14T08:21:33.419441'},
{'id': 594226727, 'state': 'CANCELED', 'date': '2018-09-12T21:27:25.241689'},
{'id': 939719570, 'state': 'EXECUTED', 'date': '2018-06-30T02:08:58.425572'}]
```